x1 = 0.628428
x2 = -5.36486
x3 = 0
